[[0 0 0 0 1 0 1 1 1 0 0 0 0 0 0 0 1 1 0 0 0 1 0 1 0 0 0 0 1 0 0 0]
 [1 0 0 0 0 1 0 0 0 0 1 1 0 1 1 1 0 1 1 0 1 1 1 1 1 1 0 1 0 1 0 0]
 [1 0 0 1 1 1 1 0 0 0 0 1 1 1 1 0 0 1 1 0 0 0 0 0 0 0 0 0 0 0 0 0]
 [0 0 0 1 0 1 0 0 0 1 0 1 0 1 1 1 1 1 1 1 0 1 0 1 0 1 1 1 0 1 0 0]
 [0 0 0 0 0 0 1 0 1 1 1 1 1 0 1 1 1 1 0 0 1 0 0 0 1 1 0 1 0 1 1 0]
 [0 1 0 0 0 0 1 1 1 0 0 0 1 0 0 0 0 1 0 1 0 1 1 1 1 0 0 0 0 0 1 1]
 [0 0 0 1 1 0 1 1 0 1 0 1 0 0 1 1 0 0 1 0 1 0 1 0 0 1 0 0 1 1 0 0]
 [0 0 0 1 1 1 0 1 1 1 0 0 1 0 0 0 1 1 1 0 1 1 0 1 0 1 1 1 0 0 1 1]
 [1 0 0 1 1 1 0 1 1 0 1 0 1 0 0 0 0 1 0 1 0 0 1 1 0 1 0 0 1 1 0 0]
 [0 0 0 0 0 1 0 1 1 0 0 0 1 0 0 1 1 1 0 1 0 0 0 0 1 0 0 1 0 0 0 0]
 [0 1 1 1 0 1 0 0 1 0 1 1 1 0 1 1 1 1 1 1 1 0 1 0 0 0 0 1 0 1 1 0]
 [1 1 1 0 1 1 1 1 1 1 1 0 0 0 1 1 0 1 0 0 1 0 0 0 1 1 1 0 0 0 0 1]
 [0 1 1 1 0 0 1 1 1 0 1 1 0 1 0 1 0 1 0 1 0 0 0 0 0 1 0 0 1 1 0 0]
 [0 0 0 1 0 0 0 1 0 0 0 1 0 0 1 1 0 1 1 1 1 0 1 1 0 0 1 1 1 0 0 0]]
 Value_fitval [-12.567550392794391, -3.836751430976497]
---------------------------------------------------------
[[0 0 0 0 1 0 1 1 1 0 0 0 0 0 0 0 1 1 0 0 0 1 0 1 0 0 0 0 1 0 0 0]
 [1 0 0 0 0 1 0 0 0 0 1 1 0 1 1 1 0 1 1 0 1 1 1 1 1 1 0 1 0 1 0 0]
 [1 0 0 1 1 1 1 0 0 0 0 1 1 1 1 0 0 1 1 0 0 0 0 0 0 0 0 0 0 0 0 0]
 [0 0 0 1 0 1 0 0 0 1 0 1 0 1 1 1 1 1 1 1 0 1 0 1 0 1 1 1 0 1 0 0]
 [1 0 0 0 0 0 1 0 1 1 1 1 1 0 1 1 1 1 0 0 1 0 0 0 1 1 0 1 0 1 1 0]
 [0 1 0 0 0 0 1 1 1 0 0 0 1 0 0 0 0 1 0 1 0 1 1 1 1 0 0 0 0 0 1 1]
 [1 0 0 1 1 0 0 1 0 1 0 1 0 0 1 1 0 0 1 0 1 0 1 0 0 1 0 0 1 1 0 0]
 [0 0 0 1 1 1 0 1 1 1 0 0 1 0 0 0 1 1 1 0 1 1 0 1 0 1 1 1 0 0 1 1]
 [1 0 0 1 1 1 0 1 1 0 1 0 1 0 0 0 0 1 0 1 0 0 1 1 0 1 0 0 1 1 0 0]
 [0 0 0 0 0 1 0 1 1 0 0 0 1 0 0 1 1 1 0 1 0 0 0 0 1 0 0 1 0 0 0 0]
 [0 1 1 1 0 1 0 0 1 0 1 1 1 0 1 1 1 1 1 1 1 0 1 0 0 0 0 1 0 1 1 0]
 [1 1 1 0 1 1 1 1 1 1 1 0 0 0 1 1 0 1 0 0 1 0 0 0 1 1 1 0 0 0 0 1]
 [0 1 1 1 0 0 1 1 1 0 1 1 0 1 0 1 0 1 0 1 0 0 0 0 0 1 0 0 1 1 0 0]
 [0 0 0 1 0 0 0 1 0 0 0 1 0 0 1 1 0 1 1 1 1 0 1 1 0 0 1 1 1 0 0 0]]
 Value_fitval [-12.567550392794391, -3.836751430976497]
---------------------------------------------------------
[[0 0 0 0 1 0 1 1 1 1 0 0 0 0 0 0 1 1 0 0 0 1 0 1 0 0 0 0 1 0 0 0]
 [1 0 0 0 0 1 0 0 0 0 1 1 0 1 1 1 0 1 1 0 1 1 1 1 1 1 0 1 0 1 0 0]
 [1 0 0 1 1 1 1 0 0 0 0 1 1 1 1 0 0 1 1 0 0 0 0 0 0 0 0 0 0 0 0 0]
 [0 0 0 1 0 1 0 0 0 1 0 1 0 1 1 1 1 1 1 1 0 1 0 1 0 1 1 1 0 1 0 0]
 [1 0 0 0 0 0 1 0 1 1 1 1 1 0 1 1 1 1 0 0 1 0 0 0 1 1 0 1 0 1 1 0]
 [0 1 0 0 0 0 1 1 1 0 0 0 1 0 0 0 0 1 0 1 0 1 1 1 1 0 0 0 0 0 1 1]
 [1 0 0 1 1 0 0 1 0 1 0 1 0 0 1 1 0 0 1 0 1 0 1 0 0 1 0 0 1 1 0 0]
 [0 0 0 1 1 1 0 1 1 1 0 0 1 0 0 0 1 1 1 0 1 1 0 1 0 1 1 1 0 0 1 1]
 [1 0 0 1 1 1 0 1 1 0 1 0 1 0 0 0 0 1 0 1 0 0 1 1 0 1 0 0 1 1 0 0]
 [0 0 0 0 0 1 0 1 1 0 0 0 1 0 0 1 1 1 0 1 0 0 0 0 1 0 0 1 0 0 0 0]
 [0 1 1 1 0 1 0 0 1 0 1 1 1 0 1 1 1 1 1 1 1 0 1 0 0 0 0 1 0 1 1 0]
 [1 1 1 0 1 1 1 1 1 1 1 0 0 0 1 1 0 1 0 0 1 0 0 0 1 1 1 0 0 0 0 1]
 [0 1 1 1 0 0 1 1 1 0 1 1 0 1 0 1 0 1 0 1 0 0 0 0 0 1 0 0 1 1 0 0]
 [0 0 0 1 0 0 0 1 0 0 0 1 0 0 1 1 0 1 1 1 1 0 1 1 0 0 1 1 1 0 0 0]]
 Value_fitval [-12.567550392794391, -3.836751430976497]
---------------------------------------------------------
[[0 0 0 0 1 0 1 1 1 1 0 0 0 0 0 0 1 1 0 0 0 1 0 1 0 0 0 0 1 0 0 0]
 [1 0 0 0 0 1 0 0 0 0 1 1 0 1 1 1 0 1 1 0 1 1 1 1 1 1 0 1 0 1 0 0]
 [1 0 0 1 1 1 1 0 0 0 0 1 1 1 1 0 0 1 1 0 0 0 0 0 0 0 0 0 0 0 0 0]
 [0 0 0 1 0 1 0 0 0 1 0 1 0 1 1 1 1 1 1 1 0 1 0 1 0 1 1 1 0 1 0 0]
 [1 0 0 0 0 0 1 0 1 1 1 1 1 0 1 1 1 1 0 0 1 0 0 0 1 1 0 1 0 1 1 0]
 [0 1 0 0 0 0 1 1 1 0 0 0 1 0 0 0 0 1 0 1 0 1 1 1 1 0 0 0 0 1 1 1]
 [1 0 0 1 1 0 0 1 0 1 0 1 0 0 1 1 0 0 1 0 1 0 1 0 0 1 0 0 1 1 0 0]
 [0 0 0 1 1 1 0 1 1 1 0 0 1 0 0 0 1 1 1 0 1 1 0 1 0 1 1 1 0 0 1 1]
 [1 0 0 1 1 1 0 1 1 0 1 0 1 0 0 0 0 1 0 1 0 0 1 1 0 1 0 1 1 1 0 0]
 [0 0 0 0 1 1 0 1 1 0 0 0 1 0 0 1 1 1 0 1 0 0 0 0 1 0 0 1 0 0 0 0]
 [0 1 1 1 0 1 0 0 1 0 1 1 1 0 1 1 1 1 1 1 1 0 1 0 0 0 0 1 0 1 1 0]
 [1 1 1 0 1 1 1 1 1 1 1 0 0 0 1 1 0 1 0 0 1 0 0 0 1 1 1 0 0 0 0 1]
 [0 1 1 1 0 0 1 1 1 0 1 1 0 1 0 0 0 1 0 1 0 0 0 0 0 1 0 0 1 1 0 0]
 [0 0 0 1 0 0 0 1 0 0 0 1 0 0 1 1 0 1 1 1 1 0 1 1 0 0 1 1 1 0 0 0]]
 Value_fitval [-12.567550392794391, -3.836751430976497]
---------------------------------------------------------
[[0 0 0 0 1 0 1 1 1 1 0 0 0 0 0 0 1 1 0 0 0 1 0 1 0 0 0 0 1 0 0 0]
 [1 0 0 0 0 1 0 0 1 0 1 1 0 1 1 1 0 1 1 0 1 1 1 1 1 1 0 1 0 1 0 0]
 [1 0 0 1 1 1 1 0 0 0 0 1 1 1 1 0 0 1 1 0 0 0 0 0 0 0 0 0 0 0 0 0]
 [0 0 0 0 0 1 0 0 0 1 0 1 0 1 1 1 1 1 1 1 0 1 0 1 0 1 1 1 0 1 0 0]
 [1 0 0 0 0 0 1 0 1 0 1 0 1 0 0 1 1 1 0 0 1 0 0 0 1 1 0 1 0 1 1 0]
 [0 1 0 0 0 0 1 1 1 0 0 0 1 0 0 0 0 1 0 1 0 1 1 1 1 0 0 0 0 1 1 1]
 [1 0 0 1 1 0 0 1 0 1 0 1 0 0 1 1 0 0 1 0 1 0 1 0 0 1 0 1 1 1 0 0]
 [0 0 0 1 1 1 0 1 1 1 0 0 1 0 0 0 1 1 1 0 1 1 0 1 0 1 1 1 0 0 1 1]
 [1 0 0 1 1 1 0 1 1 0 1 0 1 0 0 0 0 1 0 1 0 0 1 1 0 1 0 1 1 1 0 0]
 [0 0 0 0 1 1 0 1 1 0 0 0 1 0 0 1 1 1 0 1 0 0 0 0 1 0 0 1 0 0 0 0]
 [0 1 1 1 0 1 0 0 1 0 1 1 1 0 1 1 1 1 1 1 1 0 1 0 0 0 0 1 0 1 1 0]
 [1 1 1 0 1 1 1 1 1 1 1 0 0 0 1 1 0 1 0 0 1 0 0 0 1 1 1 0 0 0 0 1]
 [0 1 1 1 0 0 1 1 1 0 1 1 0 1 0 0 0 1 0 1 0 0 0 0 0 1 0 0 1 1 0 0]
 [0 0 0 1 0 0 0 1 0 0 0 1 0 0 1 1 0 1 1 1 1 0 1 1 0 0 1 1 1 0 0 0]]
 Value_fitval [-12.567550392794391, -3.836751430976497]
---------------------------------------------------------
[[0 0 0 0 1 0 1 1 1 1 0 0 0 0 0 0 1 1 0 1 0 1 0 1 1 0 0 0 1 0 0 0]
 [1 0 0 0 0 1 0 0 1 0 1 1 0 1 1 1 0 1 1 0 1 1 1 1 1 1 0 1 0 1 0 0]
 [1 0 0 1 1 1 1 0 0 0 0 1 1 1 1 0 0 1 1 0 0 0 0 0 0 0 0 0 0 0 0 0]
 [0 0 0 0 0 1 0 0 0 1 1 1 0 1 1 1 1 1 1 1 0 1 0 1 0 1 1 1 0 1 0 0]
 [1 0 0 0 0 0 1 0 1 0 1 0 1 0 0 1 1 1 0 0 1 0 0 1 1 1 0 1 0 1 1 0]
 [0 1 0 0 0 0 1 1 1 0 0 0 1 0 0 0 0 1 0 1 0 1 1 1 1 0 0 0 0 1 1 1]
 [1 0 0 1 1 0 0 1 0 1 0 1 0 0 1 1 0 0 1 0 1 0 1 0 0 1 0 1 1 1 0 0]
 [0 0 0 1 1 1 0 1 1 1 0 0 1 0 0 0 1 1 1 0 1 1 0 1 0 1 1 1 0 0 1 1]
 [1 0 0 1 1 1 0 1 1 0 1 0 1 0 0 0 0 1 0 1 0 0 1 1 0 1 0 1 1 1 0 0]
 [0 0 0 0 1 1 0 1 1 0 0 0 1 0 0 1 1 1 0 1 0 0 0 0 1 0 0 1 0 0 0 0]
 [0 1 1 0 0 1 0 0 1 0 1 1 1 0 1 1 1 1 1 1 1 0 1 0 0 0 0 1 0 1 1 0]
 [1 1 1 0 1 1 1 1 1 1 1 0 0 0 1 1 0 1 0 0 1 0 0 0 1 1 1 0 0 0 0 1]
 [0 1 1 1 0 0 1 1 1 0 1 1 0 1 0 0 0 1 0 1 0 0 0 0 0 1 0 0 1 1 0 0]
 [0 0 0 1 0 0 0 1 0 0 0 1 0 0 1 1 0 1 1 1 1 0 1 1 0 0 1 1 1 0 0 0]]
 Value_fitval [-12.567550392794391, -3.836751430976497]
---------------------------------------------------------
[[0 0 0 0 1 0 1 1 1 1 0 0 0 0 0 0 1 1 0 1 0 1 0 1 1 0 0 0 1 0 0 0]
 [1 0 0 0 0 1 0 0 1 0 1 1 0 1 1 1 0 1 1 0 1 1 1 1 1 1 0 1 0 1 0 0]
 [1 0 0 1 1 1 1 0 0 0 0 1 1 1 1 0 0 1 1 0 0 0 0 0 0 0 0 0 0 0 0 0]
 [0 0 0 0 0 1 0 0 0 1 1 1 0 1 1 1 1 1 1 1 0 1 0 1 0 1 1 1 0 1 0 0]
 [1 0 0 0 0 0 1 0 1 0 1 0 1 0 0 1 1 1 0 0 1 0 0 1 1 1 0 1 0 1 1 0]
 [0 1 0 0 0 0 1 1 1 0 0 0 1 0 0 0 0 1 0 1 0 1 1 1 1 0 0 0 0 1 1 1]
 [1 0 0 1 1 0 0 1 0 1 0 1 0 0 1 1 0 0 1 0 1 0 1 0 0 1 0 1 1 1 0 0]
 [0 0 0 1 1 1 0 1 1 1 0 0 1 0 0 0 1 1 1 0 1 1 0 1 0 1 1 1 0 0 1 1]
 [1 0 0 1 1 1 0 1 1 0 1 0 1 0 0 0 0 1 0 1 0 0 1 1 0 1 0 1 1 1 0 0]
 [0 0 0 0 1 1 0 1 1 0 0 0 1 0 0 1 1 1 0 1 0 0 0 0 1 0 0 1 0 0 0 0]
 [0 1 1 0 0 1 0 0 1 0 1 1 1 0 1 1 1 1 1 1 1 0 1 0 0 0 0 1 0 1 1 0]
 [1 1 1 1 1 1 1 1 1 1 1 0 0 0 0 1 0 1 0 0 1 0 0 0 1 1 1 0 0 0 0 1]
 [0 1 1 1 0 0 1 1 1 0 1 1 0 1 0 0 0 1 0 1 0 0 0 0 0 1 0 0 1 1 0 0]
 [0 0 0 1 0 0 0 1 0 0 0 1 0 0 1 1 0 1 1 1 1 0 1 1 0 0 1 1 1 0 0 0]]
 Value_fitval [-12.567550392794391, -3.836751430976497]
---------------------------------------------------------
[[0 0 0 0 1 0 1 1 1 1 0 0 0 0 0 0 1 1 0 1 0 1 0 1 1 0 0 0 1 0 0 0]
 [1 0 0 0 0 1 0 0 1 0 1 1 0 1 1 1 0 1 1 0 1 1 1 1 1 1 0 1 0 1 0 0]
 [1 0 0 1 1 1 1 0 0 0 1 1 1 1 1 0 0 1 1 0 0 0 0 0 0 0 0 0 0 0 0 0]
 [0 0 0 0 0 1 0 0 0 1 1 1 0 1 1 1 1 1 1 1 0 1 0 1 0 1 1 1 0 1 0 0]
 [1 0 0 0 0 0 1 0 1 0 1 0 1 0 0 1 1 1 0 0 1 0 0 1 1 1 0 1 0 1 1 0]
 [0 1 0 0 0 0 1 1 1 0 0 0 1 0 0 0 0 1 0 1 0 1 1 1 1 0 0 0 0 1 1 1]
 [1 0 0 1 1 0 0 1 0 1 0 1 0 0 1 1 0 0 1 0 1 0 1 0 0 1 0 1 1 1 0 0]
 [0 0 0 1 0 1 0 1 1 1 0 1 1 0 0 0 1 1 1 0 1 1 0 1 0 1 1 1 0 0 1 1]
 [1 0 0 1 1 1 0 1 1 0 1 0 1 0 0 0 0 1 0 1 0 0 1 1 0 1 0 1 1 1 0 0]
 [0 0 0 0 1 1 0 0 1 0 0 0 1 0 0 1 1 1 0 0 0 0 0 0 1 0 0 1 0 0 0 0]
 [0 1 1 0 0 1 0 0 1 0 1 1 1 0 1 1 1 1 1 1 1 0 1 0 0 0 0 1 0 1 1 0]
 [1 1 1 1 1 1 1 1 1 1 1 0 0 0 0 1 0 1 0 0 1 0 0 0 1 1 1 0 0 0 0 1]
 [0 1 1 1 0 0 1 1 1 0 1 1 0 1 0 0 0 1 0 1 0 0 0 0 0 1 0 0 1 1 0 0]
 [0 0 0 1 0 0 0 1 0 0 0 1 0 0 1 1 0 1 1 1 1 0 1 1 0 0 1 1 1 0 0 0]]
 Value_fitval [-12.567550392794391, -3.836751430976497]
---------------------------------------------------------
[[0 1 1 1 1 0 0 1 1 0 1 1 0 0 1 1 1 1 0 1 1 0 0 1 1 1 0 1 0 0 0 1]
 [0 0 1 1 0 0 1 0 1 1 1 1 1 1 0 0 0 1 0 1 0 0 0 0 1 1 0 1 0 1 0 1]
 [0 1 0 1 0 1 0 0 1 0 0 0 0 1 1 0 0 0 1 0 0 0 1 1 0 0 1 0 1 1 0 0]
 [0 0 0 1 1 1 0 0 0 0 1 1 1 1 0 0 1 0 1 0 0 0 0 0 1 0 1 0 0 0 1 1]
 [1 0 1 0 0 1 0 0 0 1 1 0 0 0 0 1 0 0 1 1 0 0 1 0 0 1 1 1 0 0 1 0]
 [0 1 1 0 1 1 0 0 1 0 0 0 0 0 0 1 0 0 0 0 1 1 1 0 1 1 0 1 1 1 1 1]
 [1 1 0 0 0 0 1 1 0 0 0 0 0 0 1 0 0 1 1 1 0 0 0 0 1 0 0 1 0 0 1 1]
 [0 0 1 0 1 1 0 0 0 0 1 0 1 1 0 0 1 0 0 0 1 0 0 1 1 1 1 1 1 0 1 0]
 [0 1 1 1 0 0 1 1 1 1 1 0 0 0 1 0 1 0 1 0 1 1 0 0 0 1 0 0 0 0 0 1]
 [0 0 0 1 1 0 0 1 0 1 0 1 1 0 1 0 0 1 0 1 0 0 1 0 1 0 1 1 1 0 0 0]
 [0 1 0 1 0 1 1 1 1 1 0 1 1 0 0 0 0 0 0 0 1 0 1 0 1 1 0 1 0 0 1 0]
 [0 0 0 0 1 0 0 0 0 0 1 0 0 1 1 1 0 0 0 0 1 0 0 0 0 1 1 0 1 1 1 1]
 [0 1 1 0 1 0 1 0 0 1 1 1 1 1 0 0 0 1 1 0 0 0 1 1 1 0 1 1 0 1 1 0]
 [1 0 0 0 0 0 0 0 1 0 1 1 0 1 1 0 1 1 1 0 1 0 1 0 0 0 0 1 1 1 0 0]]
 Value_fitval [-15.392649956428599, -19.410969411381576]
---------------------------------------------------------
[[0 1 1 1 1 0 0 1 1 0 1 1 0 0 1 1 1 1 0 1 1 0 0 1 1 1 0 1 0 0 0 1]
 [0 0 1 1 0 0 1 0 1 1 1 1 1 1 0 0 0 1 0 1 0 0 0 0 1 1 0 1 0 1 0 1]
 [0 1 0 1 0 1 0 0 1 0 0 0 0 1 1 0 0 0 1 0 0 0 1 1 0 0 1 0 1 1 0 0]
 [0 0 0 1 1 1 0 0 0 0 1 1 1 1 0 0 1 0 1 0 0 0 0 0 1 0 1 0 0 0 1 1]
 [1 0 1 0 0 1 0 0 0 1 1 0 0 0 0 1 0 0 1 1 0 0 1 0 0 1 1 1 0 0 1 0]
 [0 1 1 0 1 1 0 0 1 0 0 0 0 0 0 1 0 0 0 0 1 1 1 0 1 1 0 1 1 1 1 1]
 [1 1 0 0 0 0 1 1 0 0 0 0 0 0 1 0 0 1 1 1 0 0 0 0 1 0 0 1 0 0 1 1]
 [0 0 1 0 1 1 0 0 0 0 1 0 1 1 0 0 1 0 0 0 1 0 0 1 1 1 1 1 1 0 1 0]
 [0 1 1 1 0 0 1 1 1 1 1 0 0 0 1 0 1 0 1 0 1 1 0 0 0 1 0 0 0 0 0 1]
 [0 0 0 1 1 0 0 1 0 1 0 1 1 0 1 0 0 1 0 1 0 0 1 0 1 0 1 1 1 0 0 0]
 [0 1 0 1 0 1 1 1 1 1 0 1 1 0 0 0 0 0 0 0 1 0 1 0 1 1 0 1 0 0 1 0]
 [0 0 0 0 1 0 0 0 0 0 1 0 0 1 1 1 0 0 0 0 1 0 0 0 0 1 1 0 1 1 1 1]
 [0 1 1 0 1 0 1 0 0 1 1 1 1 1 0 0 0 1 1 0 0 0 1 1 1 0 1 1 0 1 1 0]
 [1 0 0 0 0 0 0 0 1 0 1 1 0 1 1 0 1 1 1 0 1 0 1 0 0 0 0 1 1 1 0 0]]
 Value_fitval [-15.392649956428599, -19.410969411381576]
---------------------------------------------------------
[[1 0 1 1 0 0 0 0 1 0 0 0 1 1 1 0 1 0 1 1 0 0 0 1 1 0 1 0 1 0 1 0]
 [0 0 1 1 0 0 0 1 1 1 1 0 0 0 1 0 1 1 1 1 0 1 1 1 0 0 0 1 0 0 1 1]
 [1 1 1 1 0 1 1 1 0 1 0 0 1 0 0 1 0 0 0 0 0 0 1 0 1 0 1 0 1 0 0 0]
 [1 1 0 0 1 0 1 0 0 1 0 0 0 1 1 1 0 1 1 0 0 0 0 0 1 0 0 0 0 1 1 0]
 [1 0 1 1 1 0 1 0 1 1 1 0 0 1 1 0 0 0 1 1 1 0 0 1 1 1 1 1 0 1 1 1]
 [0 1 1 0 0 0 1 1 0 0 1 0 0 0 0 0 1 0 0 0 1 0 1 1 0 0 1 1 1 1 1 1]
 [1 1 0 0 1 1 0 0 1 0 0 1 1 0 0 1 1 0 0 1 1 1 0 0 0 0 0 1 0 0 1 0]
 [1 1 0 0 1 0 0 0 0 1 1 1 1 0 1 0 0 1 1 1 0 1 0 1 1 1 1 1 0 1 1 1]
 [1 0 0 0 0 0 1 0 0 1 0 1 1 1 1 1 1 0 0 0 0 0 1 0 0 1 0 1 1 0 1 1]
 [1 0 1 0 1 1 0 1 1 1 1 1 0 0 1 1 0 1 0 1 1 0 0 1 0 1 1 0 1 1 1 0]
 [1 0 1 1 1 0 1 1 0 0 1 0 1 0 1 1 1 0 0 0 0 0 1 1 0 1 1 0 0 0 0 1]
 [1 0 1 1 0 0 1 1 1 1 1 0 1 0 1 0 1 0 0 1 1 1 1 1 1 0 1 1 1 0 1 1]
 [1 0 0 0 0 0 1 0 1 1 1 0 1 0 1 1 1 1 0 0 0 0 1 1 0 1 0 1 1 0 0 1]
 [0 0 1 0 0 1 1 1 0 0 0 0 1 1 1 1 0 0 0 1 0 0 0 0 0 1 1 1 0 1 1 1]]
 Value_fitval [-1.2200163307968563, -0.4527269664491119]
---------------------------------------------------------
[[0 0 0 1 1 1 0 1 0 0 0 1 0 1 0 1 0 1 0 0 0 0 1 1 0 1 0 1 0 0 1 1]
 [0 1 0 1 1 0 1 1 0 0 0 0 0 0 1 0 0 0 1 0 1 1 0 1 0 0 1 0 1 0 0 1]
 [1 1 1 1 1 0 0 1 1 0 1 1 1 1 1 0 1 0 1 1 1 1 0 0 0 1 0 1 0 1 0 0]
 [1 0 0 0 1 0 0 0 1 0 1 0 1 0 1 0 0 0 1 1 1 0 1 0 0 1 1 1 0 0 0 0]
 [1 0 0 1 0 0 0 1 0 1 1 1 0 1 0 1 1 0 0 1 1 0 1 1 1 1 1 1 1 0 0 1]
 [1 1 0 0 1 0 1 0 0 0 0 0 1 0 1 1 0 0 0 1 1 1 1 0 0 0 0 0 1 1 0 0]
 [0 0 0 0 0 0 1 1 1 1 1 1 0 0 1 0 1 0 0 1 1 0 1 1 0 1 1 0 1 0 0 0]
 [1 1 1 0 1 0 1 0 0 0 1 1 1 0 0 1 0 0 1 1 0 1 0 0 1 1 0 1 0 0 0 1]
 [1 1 0 0 0 1 1 1 1 1 0 1 0 1 0 0 1 0 0 0 0 0 1 1 1 0 0 0 0 0 0 0]
 [0 0 1 0 1 0 0 0 0 0 1 1 0 1 1 0 0 1 1 1 1 0 1 0 0 1 0 0 0 0 1 0]
 [0 0 1 1 0 0 1 0 0 1 1 0 1 0 0 1 1 1 1 1 1 0 0 0 1 1 0 1 1 1 0 1]
 [0 1 1 0 0 0 0 1 1 0 1 1 1 1 0 1 1 0 1 1 0 1 1 0 1 1 0 1 1 0 1 0]
 [0 1 1 1 1 1 0 0 0 1 0 0 0 0 1 0 0 0 0 1 0 0 1 1 0 1 1 1 1 1 0 0]
 [1 1 0 1 0 1 0 0 0 1 0 1 0 1 1 0 1 1 0 0 0 1 0 1 0 0 1 1 0 1 1 1]]
 Value_fitval [-8.891947467425425, -1.2019333041495541]
---------------------------------------------------------
