[[0 0 1 0 0 1 1 1 1 0 1 1 0 1 0 1 1 1 1 1 1 1 0 0 0 0 0 0 1 0 1 0]
 [0 0 1 0 0 1 1 0 1 1 1 1 0 1 1 0 0 0 1 0 0 1 0 0 1 1 1 0 1 0 1 0]
 [0 1 0 1 1 0 0 0 1 1 1 0 1 0 1 1 0 0 1 0 1 0 1 1 0 0 1 1 1 1 0 0]
 [1 0 1 1 1 0 0 0 1 1 0 1 0 1 1 1 0 1 0 1 1 1 1 1 1 1 1 0 0 1 0 1]
 [1 1 1 0 1 1 0 0 1 0 0 0 1 1 0 1 1 0 0 0 1 0 0 1 1 0 0 1 0 0 0 1]
 [0 0 0 1 1 0 0 1 0 1 0 0 0 0 1 1 1 1 1 1 0 0 0 0 1 1 1 0 0 1 0 0]
 [1 0 1 1 0 0 1 0 1 0 0 0 0 0 0 0 1 0 0 0 0 1 1 1 0 0 0 0 0 0 1 1]
 [0 1 0 0 0 0 1 0 0 0 1 1 1 1 1 1 0 0 0 1 0 1 1 0 1 0 1 0 1 1 0 0]
 [0 1 1 0 1 1 0 1 0 0 1 0 1 1 0 0 0 1 1 1 0 1 1 0 1 1 1 0 1 0 0 1]
 [0 1 0 1 0 1 0 1 1 0 0 0 1 0 1 1 0 0 0 1 1 1 0 1 1 0 0 1 1 1 1 1]
 [0 0 0 1 0 1 0 1 1 0 1 1 0 0 1 1 1 1 1 0 0 1 0 1 1 0 1 1 0 1 0 1]
 [0 1 1 0 1 1 0 0 1 1 1 1 0 0 1 1 1 1 0 1 0 0 1 0 1 1 1 1 1 1 1 0]
 [1 0 1 0 0 0 0 0 0 0 1 0 0 0 1 1 0 1 0 0 0 1 0 1 0 0 0 0 0 1 0 0]
 [1 1 1 1 1 0 0 0 0 1 1 0 1 0 1 0 1 1 0 1 0 0 0 1 1 0 1 1 0 0 0 1]]
 Value_fitval [-19.855231811167503, -0.867841268142187]
---------------------------------------------------------
[[0 1 0 0 0 0 1 1 1 0 0 0 1 0 0 0 0 1 0 0 0 1 1 1 0 0 1 1 1 1 0 0]
 [0 1 0 0 0 1 1 1 0 1 0 1 0 0 1 1 1 0 1 0 0 0 1 0 1 1 0 1 0 0 0 0]
 [1 0 1 1 0 0 0 0 1 0 0 1 0 0 1 0 1 1 1 0 1 0 0 0 1 0 1 1 0 1 1 0]
 [1 0 1 1 0 1 1 0 0 1 0 0 1 0 0 0 1 0 1 1 1 1 1 0 0 0 0 0 1 0 0 1]
 [0 1 0 0 0 1 0 1 0 0 1 0 0 1 0 1 1 1 0 1 0 1 1 0 0 1 0 0 0 0 0 0]
 [0 1 1 0 1 1 0 1 1 0 0 1 0 1 1 0 1 1 1 1 1 0 1 1 0 1 1 0 0 1 0 1]
 [1 0 1 1 1 0 1 0 0 0 0 0 1 0 0 0 0 0 0 0 1 1 0 0 1 1 0 0 0 1 0 1]
 [1 0 1 1 0 1 0 1 1 1 0 0 1 1 1 0 0 1 1 1 1 1 1 0 1 0 1 1 1 0 1 0]
 [0 0 1 0 0 1 1 0 0 0 1 0 0 1 1 0 0 0 1 0 0 0 1 1 0 1 0 1 0 0 0 0]
 [1 0 0 0 0 1 0 1 0 0 1 1 1 0 1 1 0 0 0 0 1 0 0 0 1 1 1 0 1 1 1 1]
 [0 0 0 0 0 0 1 1 1 0 0 1 1 1 1 1 0 0 1 1 1 0 0 1 1 1 1 0 1 0 0 0]
 [0 1 0 0 1 0 1 0 1 0 1 1 0 0 0 1 1 0 0 0 1 0 0 0 0 0 1 1 1 1 0 1]
 [1 0 1 0 0 0 1 1 0 1 0 1 1 1 0 1 0 0 1 1 0 1 1 0 0 1 0 1 1 1 1 1]
 [0 0 0 1 0 0 0 1 0 0 1 1 1 1 0 0 1 1 1 0 1 0 1 1 1 1 1 0 1 0 1 1]]
 Value_fitval [-2.9589371405334925, -38.70476684347336]
---------------------------------------------------------
[[0 1 1 1 1 0 0 1 1 0 1 1 0 0 1 1 1 1 0 1 1 0 0 1 1 1 0 1 0 0 0 1]
 [0 0 1 1 0 0 1 0 1 1 1 1 1 1 0 0 0 1 0 1 0 0 0 0 1 1 0 1 0 1 0 1]
 [0 1 0 1 0 1 0 0 1 0 0 0 0 1 1 0 0 0 1 0 0 0 1 1 0 0 1 0 1 1 0 0]
 [0 0 0 1 1 1 0 0 0 0 1 1 1 1 0 0 1 0 1 0 0 0 0 0 1 0 1 0 0 0 1 1]
 [1 0 1 0 0 1 0 0 0 1 1 0 0 0 0 1 0 0 1 1 0 0 1 0 0 1 1 1 0 0 1 0]
 [0 1 1 0 1 1 0 0 1 0 0 0 0 0 0 1 0 0 0 0 1 1 1 0 1 1 0 1 1 1 1 1]
 [1 1 0 0 0 0 1 1 0 0 0 0 0 0 1 0 0 1 1 1 0 0 0 0 1 0 0 1 0 0 1 1]
 [0 0 1 0 1 1 0 0 0 0 1 0 1 1 0 0 1 0 0 0 1 0 0 1 1 1 1 1 1 0 1 0]
 [0 1 1 1 0 0 1 1 1 1 1 0 0 0 1 0 1 0 1 0 1 1 0 0 0 1 0 0 0 0 0 1]
 [0 0 0 1 1 0 0 1 0 1 0 1 1 0 1 0 0 1 0 1 0 0 1 0 1 0 1 1 1 0 0 0]
 [0 1 0 1 0 1 1 1 1 1 0 1 1 0 0 0 0 0 0 0 1 0 1 0 1 1 0 1 0 0 1 0]
 [0 0 0 0 1 0 0 0 0 0 1 0 0 1 1 1 0 0 0 0 1 0 0 0 0 1 1 0 1 1 1 1]
 [0 1 1 0 1 0 1 0 0 1 1 1 1 1 0 0 0 1 1 0 0 0 1 1 1 0 1 1 0 1 1 0]
 [1 0 0 0 0 0 0 0 1 0 1 1 0 1 1 0 1 1 1 0 1 0 1 0 0 0 0 1 1 1 0 0]]
 Value_fitval [-15.392649956428599, -19.410969411381576]
---------------------------------------------------------
[[0 1 1 1 1 0 0 1 1 0 1 1 0 0 1 1 1 1 0 1 1 0 0 1 1 1 0 1 0 0 0 1]
 [0 0 1 1 0 0 1 0 1 1 1 1 1 1 0 0 0 1 0 1 0 0 0 0 1 1 0 1 0 1 0 1]
 [0 1 0 1 0 1 0 0 1 0 0 0 0 1 1 0 0 0 1 0 0 0 1 1 0 0 1 0 1 1 0 0]
 [0 0 0 1 1 1 0 0 0 0 1 1 1 1 0 0 1 0 1 0 0 0 0 0 1 0 1 0 0 0 1 1]
 [1 0 1 0 0 1 0 0 0 1 1 0 0 0 0 1 0 0 1 1 0 0 1 0 0 1 1 1 0 0 1 0]
 [0 1 1 0 1 1 0 0 1 0 0 0 0 0 0 1 0 0 0 0 1 1 1 0 1 1 0 1 1 1 1 1]
 [1 1 0 0 0 0 1 1 0 0 0 0 0 0 1 0 0 1 1 1 0 0 0 0 1 0 0 1 0 0 1 1]
 [0 0 1 0 1 1 0 0 0 0 1 0 1 1 0 0 1 0 0 0 1 0 0 1 1 1 1 1 1 0 1 0]
 [0 1 1 1 0 0 1 1 1 1 1 0 0 0 1 0 1 0 1 0 1 1 0 0 0 1 0 0 0 0 0 1]
 [0 0 0 1 1 0 0 1 0 1 0 1 1 0 1 0 0 1 0 1 0 0 1 0 1 0 1 1 1 0 0 0]
 [0 1 0 1 0 1 1 1 1 1 0 1 1 0 0 0 0 0 0 0 1 0 1 0 1 1 0 1 0 0 1 0]
 [0 0 0 0 1 0 0 0 0 0 1 0 0 1 1 1 0 0 0 0 1 0 0 0 0 1 1 0 1 1 1 1]
 [0 1 1 0 1 0 1 0 0 1 1 1 1 1 0 0 0 1 1 0 0 0 1 1 1 0 1 1 0 1 1 0]
 [1 0 0 0 0 0 0 0 1 0 1 1 0 1 1 0 1 1 1 0 1 0 1 0 0 0 0 1 1 1 0 0]]
 Value_fitval [-15.392649956428599, -19.410969411381576]
---------------------------------------------------------
[[0 1 1 1 0 1 0 1 0 0 1 0 0 1 0 1 1 1 1 1 1 1 1 0 0 0 1 0 1 1 0 1]
 [0 1 0 1 1 0 0 1 1 0 1 0 0 0 0 0 1 0 0 1 1 1 1 0 1 0 1 1 0 1 0 1]
 [1 0 0 1 1 1 0 0 0 1 0 0 1 0 1 0 1 1 1 1 0 0 1 0 1 0 1 1 1 1 1 0]
 [1 0 1 0 0 0 1 1 1 0 1 0 1 0 1 1 1 0 1 0 1 1 0 0 0 1 0 1 1 1 0 1]
 [0 1 0 1 0 1 1 1 1 0 0 0 0 0 1 0 1 0 1 1 1 1 0 1 0 0 0 1 0 1 1 0]
 [1 0 1 1 0 1 1 1 0 1 1 1 1 1 0 0 0 1 0 0 0 1 1 0 1 1 0 1 0 0 1 0]
 [0 0 1 1 1 1 1 1 1 0 0 0 0 0 0 1 1 1 1 1 0 0 1 0 1 1 1 1 1 0 0 1]
 [1 1 1 1 1 0 0 1 1 0 0 0 1 1 1 1 1 1 1 1 1 0 0 0 0 1 1 1 0 1 1 0]
 [0 1 1 1 0 0 0 1 0 1 1 0 0 0 0 1 1 0 1 1 1 1 1 1 0 1 1 1 1 0 1 0]
 [0 0 0 1 1 1 0 1 0 1 1 1 1 0 1 0 0 1 1 0 1 1 1 0 0 0 1 1 1 0 0 1]
 [0 1 1 1 0 1 0 1 0 1 1 0 1 1 1 1 0 1 1 1 0 1 0 1 1 1 1 1 0 1 1 1]
 [1 1 1 0 1 0 1 1 0 0 1 0 1 1 1 1 0 0 1 0 0 0 1 1 1 0 0 0 0 0 0 1]
 [1 1 1 1 1 1 1 1 1 1 0 1 0 0 0 1 0 1 0 1 1 0 1 1 1 1 0 1 1 0 0 1]
 [1 0 0 0 0 1 1 1 1 0 0 1 1 0 1 1 1 0 1 1 1 1 0 0 1 0 1 1 0 1 1 1]]
 Value_fitval [-16.58885976612322, -0.8133450933705488]
---------------------------------------------------------
[[0 1 1 1 1 0 0 1 1 0 1 1 0 0 1 1 1 1 0 1 1 0 0 1 1 1 0 1 0 0 0 1]
 [0 0 1 1 0 0 1 0 1 1 1 1 1 1 0 0 0 1 0 1 0 0 0 0 1 1 0 1 0 1 0 1]
 [0 1 0 1 0 1 0 0 1 0 0 0 0 1 1 0 0 0 1 0 0 0 1 1 0 0 1 0 1 1 0 0]
 [0 0 0 1 1 1 0 0 0 0 1 1 1 1 0 0 1 0 1 0 0 0 0 0 1 0 1 0 0 0 1 1]
 [1 0 1 0 0 1 0 0 0 1 1 0 0 0 0 1 0 0 1 1 0 0 1 0 0 1 1 1 0 0 1 0]
 [0 1 1 0 1 1 0 0 1 0 0 0 0 0 0 1 0 0 0 0 1 1 1 0 1 1 0 1 1 1 1 1]
 [1 1 0 0 0 0 1 1 0 0 0 0 0 0 1 0 0 1 1 1 0 0 0 0 1 0 0 1 0 0 1 1]
 [0 0 1 0 1 1 0 0 0 0 1 0 1 1 0 0 1 0 0 0 1 0 0 1 1 1 1 1 1 0 1 0]
 [0 1 1 1 0 0 1 1 1 1 1 0 0 0 1 0 1 0 1 0 1 1 0 0 0 1 0 0 0 0 0 1]
 [0 0 0 1 1 0 0 1 0 1 0 1 1 0 1 0 0 1 0 1 0 0 1 0 1 0 1 1 1 0 0 0]
 [0 1 0 1 0 1 1 1 1 1 0 1 1 0 0 0 0 0 0 0 1 0 1 0 1 1 0 1 0 0 1 0]
 [0 0 0 0 1 0 0 0 0 0 1 0 0 1 1 1 0 0 0 0 1 0 0 0 0 1 1 0 1 1 1 1]
 [0 1 1 0 1 0 1 0 0 1 1 1 1 1 0 0 0 1 1 0 0 0 1 1 1 0 1 1 0 1 1 0]
 [1 0 0 0 0 0 0 0 1 0 1 1 0 1 1 0 1 1 1 0 1 0 1 0 0 0 0 1 1 1 0 0]]
 Value_fitval [-15.392649956428599, -19.410969411381576]
---------------------------------------------------------
